1000038
1000108
1000149
1000201
1000213
1000267
1000634
1000957
1001083
1001333
1001626
1001710
1001828
1001863
1001890
1002050
1002220
1002264
1002338
1002389
1002490
1002618
1002831
1002840
1003052
1003137
1003196
1003203
1003269
1003287
1003291
1003508
1003582
1003594
1003609
1003780
1003947
1004193
1004214
1004545
1004581
1004837
1004955
1005126
1005167
1005208
1005483
1005497
1005591
1005643
1005729
1005737
1005938
1005961
1006134
1006279
1006335
1006461
1006747
1006764
1006839
1006980
1007010
1007035
1007147
1007209
1007341
1007494
1007943
1007950
1008401
1008426
1008480
1008668
1008792
1008945
1009026
1009116
1009219
1009234
1009263
1009327
1009550
1009635
1009654
1009725
1009860
1010198
1010408
1010430
1010482
1010540
1010689
1010899
1010921
1011081
1011129
1011141
1011153
1011170
1011196
1011406
1011421
1011488
1011508
1011636
1011701
1011874
1012018
1012053
1012231
1012303
1012673
1012850
1012865
1013074
1013127
1013267
1013429
1013441
1013470
1013586
1013628
1013676
1013748
1014071
1014285
1014444
1014616
1014721
1014777
1014919
1015043
1015212
1015342
1015476
1015637
1015727
1015751
1016051
1016367
1016403
1016620
1016723
1016784
1017102
1017276
1017349
1017603
1017654
1017811
1017855
1017872
1018068
1018294
1018677
1018692
1019083
1019217
1019225
1019261
1019371
1019398
1019423
1019541
1019553
1019667
1019834
1019863
1019908
1020071
1020204
1020253
1020285
1020296
1020372
1020397
1020542
1020631
1020657
1020679
1020830
1020907
1020945
1021050
1021526
1021532
1021708
1021782
1021991
1022011
1022364
1022371
1022553
1022787
1022890
1023199
1023307
1023436
1023503
1023578
1023591
1023762
1023770
1023812
1023859
1023871
1023886
1023989
1023993
1024159
1024415
1024466
1024579
1024584
1024832
1024914
1024988
1025162
1025203
1025421
1025443
1025636
1025825
1026281
1026405
1026420
1026539
1026725
1026742
1026970
1027174
1027189
1027239
1027250
1027344
1027410
1027469
1028074
1028108
1028213
1028267
1028306
1028559
1028681
1028803
1028810
1028887
1028995
1029004
1029190
1029346
1029391
1029417
1029509
1029524
1029615
1029673
1029759
1029888
1029932
1030079
1030158
1030175
1030376
1030587
1030614
1030688
1030729
1030770
1030820
1030961
1031041
1031096
1031145
1031442
1031682
1031712
1031843
1032028
1032045
1032196
1032210
1032331
1032368
1032421
1032508
1032611
1032933
1033124
1033338
1033419
1033463
1033567
1033696
1033823
1033969
1033991
1034075
1034157
1034420
1034514
1034610
1034687
1034717
1035000
1035093
1035151
1035201
1035258
1035267
1035299
1035462
1035598
1035681
1035760
1035968
1036036
1036083
1036121
1036484
1036613
1036632
1036791
1036927
1036930
1037064
1037191
1037204
1037336
1037383
1037480
1037706
1037714
1038022
1038069
1038078
1038112
1038209
1038329
1038427
1038638
1038661
1038693
1038763
1038826
1038844
1039250
1039301
1039446
1039612
1039620
1039671
1039740
1039784
1039804
1039983
1040137
1040196
1040246
1040465
1040636
1040701
1040874
1040889
1041290
1041349
1041447
1041610
1041860
1041904
1042068
1042101
1042180
1042328
1042376
1042704
1042859
1043150
1043192
1043312
1043364
1043791
1043807
1043819
1043852
1044062
1044152
1044310
1044615
1045071
1045154
1045204
1045324
1045432
1045499
1045542
1045561
1045873
1045952
1046077
1046088
1046212
1046751
1046766
1046987
1047017
1047115
1047645
1047690
1047797
1047869
1047878
1047891
1048189
1048403
1048446
1048469
1048698
1048909
1049046
1049260
1049337
1049427
1049482
1049531
1049584
1049826
1049939
1050060
1050188
1050468
1050541
1050570
1051105
1051147
1051272
1051362
1051502
1051801
1051813
1051880
1052005
1052059
1052324
1052432
1052499
1052556
1052574
1052623
1061533
1061571
1061690
1061736
1062265
1062288
1062723
1062757
1063091
1063105
1063211
1063255
1063430
1063516
1063540
1063693
1063880
1063921
1063977
1064175
1064352
1064510
1064522
1064578
1064587
1064847
1064859
1064864
1064917
1065176
1065335
1065425
1065456
1065474
1065583
1065597
1065694
1065877
1065926
1065967
1065999
1066296
1066475
1066679
1066827
1066866
1066981
1067083
1067106
1067150
1067188
1067200
1067217
1067261
1067305
1067347
1067386
1067710
1067852
1067881
1068109
1068111
1068124
1068393
1068434
1068567
1068802
1068903
1069052
1069203
1069235
1069492
1069624
1069920
1070043
1070220
1070247
1070264
1070271
1070298
1070356
1070407
1070452
1070567
1070637
1070685
1070751
1070794
1071049
1071082
1071422
1071612
1071659
1071829
1071960
1072108
1072377
1072392
1072512
1072607
1072619
1072724
1072854
1073378
1073387
1073400
1073597
1073615
1073673
1073839
1073865
1073944
1074072
1074225
1074256
1074261
1074416
1074703
1074890
1074949
1074973
1075035
1075164
1075255
1075370
1075473
1075482
1076196
1076203
1076291
1076357
1076414
1076549
1076582
1076683
1076701
1076856
1076893
1076959
1077084
1077510
1077729
1077741
1077762
1077864
1077898
1078032
1078420
1078464
1078565
1078577
1078855
1078897
1078953
1079218
1079253
1079372
1079444
1079739
1079873
1079963
1080041
1080400
1080442
1080524
1081444
1081458
1081475
1081538
1081631
1081679
1081765
1081777
1081849
1082105
1082171
1082415
1082430
1082449
1082734
1082844
1083094
1083100
1083410
1083605
1083671
1083740
1083837
1084045
1084395
1084421
1084450
1084477
1084515
1084527
1084551
1084573
1084697
1084838
1085228
1085308
1085330
1085447
1085459
1085514
1085603
1085717
1085756
1085855
1085985
1085996
1086194
1086418
1086547
1086598
1086619
1086676
1086681
1086755
1086854
1086878
1087155
1087197
1087259
1087445
1087868
1088238
1088256
1088289
1088312
1088386
1088457
1088468
1088537
1088613
1088680
1088908
1088930
1089215
1089227
1089249
1089376
1089522
1089569
1089587
1089614
1089692
1089864
1089961
1089974
1089993
1090664
1090841
1091095
1091199
1091227
1091273
1091554
1091820
1091833
1092058
1092099
1092140
1092157
1092420
1092433
1092486
1092592
1092603
1092654
1092678
1092860
1093020
1093110
1093574
1093593
1093882
1094226
1094404
1094470
1094634
1094995
1095048
1095055
1095121
1095261
1095541
1096087
1096396
1096473
1096642
1096790
1096914
1097085
1097190
1097303
1097442
1097682
1097798
1097850
1097901
1097980
1098081
1098254
1098357
1098421
1098443
1098450
1098508
1098551
1098566
1098648
1098672
1099065
1099077
1099407
1099558
1099567
1099599
1100096
1100163
1100216
1100560
1100682
1100720
1100786
1100843
1100892
1100926
1100967
1101122
1101262
1101525
1101589
1101631
1101788
1101827
1101928
1101976
1101981
1102078
1102087
1102120
1102133
1102209
1102236
1102255
1102408
1102415
1102482
1102728
1102776
1102826
1102844
1102977
1103015
1103301
1103403
1103563
1103620
1103853
1103948
1104246
1104368
1104406
1104624
1104655
1104701
1104838
1104912
1105026
1105102
1105366
1105373
1105420
1105539
1105550
1106042
1106074
1106194
1106232
1106392
1106619
1106663
1106736
1106755
1106772
1106810
1107043
1107092
1107183
1107233
1107374
1107445
1107452
1107532
1107580
1107604
1107670
1107910
1107946
1108274
1108293
1108787
1108828
1109040
1109215
1109251
1109273
1109352
1109503
1109587
1109591
1109886
1109917
1109938
1110021
1110092
1110212
1110233
1110526
1110544
1110857
1111015
1111313
1111332
1111422
1111446
1111659
1111671
1111731
1112226
1112314
1112350
1112365
1112520
1112810
1113062
1113128
1113560
1113673
1113798
1113843
1113967
1113980
1114289
1114518
1114644
1114852
1115625
1115674
1115707
1115844
1115965
1116141
1116185
1116302
1116331
1116340
1116421
1116609
1116758
1117016
1117126
1117352
1117363
1117381
1117390
1117587
1117591
1117639
1117704
1117833
1117886
1117938
1118349
1118373
1118420
1118447
1118471
1118543
1118588
1118622
1118678
1118717
1118836
1118962
1119005
1119086
1119098
1119122
1119191
1119237
1119348
1119397
1119500
1119623
1119750
1119849
1119907
1120225
1120274
1120457
1120495
1120703
1120722
1120791
1120994
1121022
1121046
1121054
1121078
1121211
1121304
1121318
1121408
1121449
1121600
1121625
1121642
1121689
1121734
1121801
1121943
1122059
1122169
1122348
1122623
1123075
1123565
1123603
1123774
1123809
1123962
1124077
1124124
1124342
1124393
1124407
1124696
1124727
1124857
1125082
1125358
1125507
1125740
1125804
1125841
1126101
1126319
1126328
1126546
1126587
1126729
1127007
1127269
1127655
1127672
1127889
1128096
1128216
1128231
1128461
1128583
1128764
1128843
1128999
1129074
1129093
1129194
1129388
1129485
1129810
1130123
1130184
1130405
1130433
1130855
1130929
1130985
1131306
1131343
1131350
1131365
1131392
1131512
1131628
1131634
1131724
1131736
1131902
1132030
1132073
1132100
1132156
1132243
1132250
1132332
1132399
1132422
1132487
1132633
1132698
1132955
1133054
1133260
1133283
1133396
1133728
1133776
1134409
1134483
1134677
1134718
1134805
1134864
1134898
1134900
1135018
1135085
1135119
1135438
1135524
1135555
1135814
1135839
1136229
1136253
1136262
1136355
1136499
1136765
1137188
1137192
1137479
1137495
1137585
1137632
1138233
1138247
1138532
1138599
1138637
1138868
1138969
1139118
1139477
1140051
1140066
1140292
1140491
1140519
1140620
1140686
1141023
1141812
1141898
1142131
1142276
1142412
1142539
1142962
1143154
1143348
1143525
1143668
1143684
1143788
1144074
1144878
1144891
1144931
1145036
1145225
1145242
1145402
1145479
1145930
1146209
1146329
1146415
1146466
1146914
1146992
1147085
1147096
1147223
1147627
1147649
1147821
1147843
1147888
1147926
1148477
1148566
1148800
1149014
1149021
1149088
1149212
1149374
1149637
1149935
1149969
1149987
1149991
1150098
1150348
1150750
1151271
1151338
1151526
1151532
1151558
1151604
1151766
1151816
1151903
1151946
1152072
1152386
1152398
1152402
1152495
1152626
1152699
1152787
1153132
1153167
1153273
1153591
1153688
1153729
1153974
1154133
1154209
1154318
1154341
1154579
1154728
1154790
1154813
1154826
1154832
1154992
1155034
1155118
1155488
1155609
1155611
1155660
1155758
1155800
1155874
1155933
1156123
1156179
1156195
1156207
1156290
1156654
1156809
1157094
1157214
1157239
1157410
1157581
1157716
1157723
1157731
1157779
1157829
1158017
1158093
1158151
1158173
1158182
1158267
1158306
1158377
1158559
1158564
1158619
1158681
1158690
1158810
1158854
1158902
1158979
1158984
1159018
1159029
1159070
1159096
1159223
1159705
1159877
1159926
1159999
1160040
1160230
1160307
1160578
1160591
1160688
1160753
1161062
1161279
1161295
1161400
1161524
1161548
1161651
1161892
1161926
1162269
1162636
1162800
1162933
1162986
1163050
1163065
1163136
1163247
1163286
1163389
1163445
1163567
1163730
1163823
1163946
1164044
1164168
1164184
1164506
1164717
1164904
1164970
1165093
1165244
1165343
1165441
1165496
1165512
1165559
1165711
1165803
1165822
1165846
1165891
1165995
1166009
1166055
1166106
1166553
1166613
1166675
1166680
1166710
1166722
1166735
1166778
1166927
1167475
1167827
1168078
1168224
1168272
1168494
1168523
1168638
1168674
1168734
1168867
1168914
1168921
1169292
1169313
1169435
1169478
1169723
1169870
1169909
1170035
1170087
1170198
1170272
1170813
1170867
1171141
1171465
1171527
1171672
1171701
1171732
1171947
1171959
1172152
1172176
1172583
1172682
1172786
1172850
1173061
1173437
1173564
1173628
1173803
1173984
1174059
1174098
1174324
1174355
1174589
1174657
1175006
1175014
1175172
1175342
1175604
1176250
1176292
1176399
1176446
1176454
1176478
1176620
1176784
1176885
1177001
1177252
1177263
1177308
1177315
1177330
1177405
1177610
1177937
1178084
1178345
1178352
1178376
1178424
1178718
1178762
1178796
1179289
1179504
1179596
1179680
1179834
1179845
1180149
1180182
1180350
1180512
1180803
1180940
1181114
1181553
1181585
1181613
1181658
1181735
1181746
1181778
1181834
1181881
1182043
1182197
1182264
1182407
1182445
1182476
1182526
1182629
1182641
1182730
1182782
1182857
1182868
1183162
1183384
1183549
1183660
1183842
1183971
1184454
1184487
1184590
1184702
1184909
1184911
1185057
1185068
1185101
1185144
1185503
1185510
1185650
1185796
1185993
1186037
1186070
1186216
1186257
1186400
1186536
1186733
1186747
1186932
1187069
1187078
1187159
1187674
1187745
1187790
1187921
1188020
1188178
1188237
1188241
1188253
1188324
1188383
1188401
1188561
1188623
1188695
1188714
1188750
1188981
1189013
1189184
1189366
1189486
1189860
1189883
1189918
1190034
1190384
1190414
1191412
1191471
1191506
1191577
1191622
1191669
1191860
1192180
1192436
1192535
1192591
1192614
1192718
1192864
1192900
1193048
1193060
1193192
1193479
1193529
1193699
1193834
1193915
1193966
1193982
1194070
1194322
1194369
1194627
1194630
1194759
1194786
1194901
1195012
1195047
1195178
1195336
1195360
1195517
1195561
1195827
1195928
1196065
1196259
1196445
1196513
1196782
1196895
1197598
1197690
1197783
1197822
1197846
1197940
1198015
1198027
1198049
1198612
1198620
1198723
1198862
1198924
1199010
1199022
1199069
1199209
1199318
1199689
1200043
1200389
1200749
1200954
1201138
1201454
1201491
1201818
1201841
1201924
1201983
1202108
1202149
1202201
1202226
1202280
1202547
1202709
1202891
1202931
1203128
1203163
1203231
1203257
1203346
1203425
1203442
1204371
1204402
1204431
1204495
1204570
1204722
1204845
1204863
1204927
1205069
1205159
1205283
1205318
1205523
1205656
1205858
1206045
1206063
1206081
1206090
1206210
1206254
1206316
1206492
1206775
1206933
1207084
1207208
1207227
1207424
1207472
1207497
1207643
1207770
1207993
1208330
1208366
1208412
1208588
1208678
1208774
1208872
1209204
1209355
1209401
1209542
1209684
1209866
1209894
1210002
1210227
1210334
1210352
1210483
1210741
1210796
1210805
1210859
1210925
1211018
1211152
1211240
1211682
1211733
1211759
1212081
1212137
1212153
1212196
1212246
1212508
1212573
1212624
1212683
1212697
1212964
1212998
1213205
1213298
1213300
1213445
1213567
1213637
1213802
1214044
1214067
1214080
1214168
1214315
1214405
1214635
1214918
1215213
1215343
1215429
1215586
1215772
1216009
1216121
1216274
1216289
1216305
1216680
1216852
1216881
1216908
1216966
1217020
1217324
1217542
1217679
1217739
1217777
1217792
1217815
1218003
1218035
1218147
1218385
1218752
1218880
1218899
1219239
1219403
1219686
1219779
1219853
1219955
1220140
1220382
1220514
1220543
1221306
1221314
1222403
1223776
1224812
1226556
1227305
1227951
1228389
1228599
1229439
1230091
1230255
1230494
1230707
1231726
1231780
1233299
1234146
1234525
1234990
1235183
1235264
1236491
1236633
1236896
1237447
1237603
1239036
1239667
1240387
1240509
1242297
1242494
1242745
1242858
1243174
1243435
1244414
1245883
1246437
1247935
1248601
1248667
1249023
1249132
1251002
1252131
1252327
1253467
1253830
1253990
1254061
1254115
1254940
1255139
1255807
1256341
1256482
1256906
1258655
1259021
1259685
1260467
1260684
1261172
1261879
1262778
1262927
1263522
1264977
1265118
1265395
1265780
1266622
1267027
1267301
1267698
1267885
1268017
1268074
1268736
1269053
1269489
1270115
1270564
1270878
1271217
1271908
1272050
1274380
1274686
1275381
1276163
1276354
1276850
1276901
1277164
